/home/denis/programming/scripts-siamese/../siamese-optmization/Siamese/my_index/stackoverflow_filtered/5266856_0.java_method#1#17,/home/denis/programming/scripts-siamese/../siamese-optmization/Siamese/my_index/qualitas_corpus_clean/eclipse_SDK/eclipse_SDK-4.3/src/src/javax/servlet/http/HttpServlet.java_doOptions#99#166,/home/denis/programming/scripts-siamese/../siamese-optmization/Siamese/my_index/qualitas_corpus_clean/apache-tomcat-7.0.2/apache-tomcat-7.0.2-src/java/javax/servlet/http/HttpServlet.java_doOptions#99#168
/home/denis/programming/scripts-siamese/../siamese-optmization/Siamese/my_index/stackoverflow_filtered/10777586_0.java_method#1#17,/home/denis/programming/scripts-siamese/../siamese-optmization/Siamese/my_index/qualitas_corpus_clean/weka-3-7-9/main/java/weka/core/Instances.java_main#1062#1132
/home/denis/programming/scripts-siamese/../siamese-optmization/Siamese/my_index/stackoverflow_filtered/6926848_0.java_method#1#18,/home/denis/programming/scripts-siamese/../siamese-optmization/Siamese/my_index/qualitas_corpus_clean/eclipse_SDK/eclipse_SDK-4.3/src/src/org/apache/http/client/utils/URLEncodedUtils.java_parse#73#90
/home/denis/programming/scripts-siamese/../siamese-optmization/Siamese/my_index/stackoverflow_filtered/23782959_0.java_method#1#23,/home/denis/programming/scripts-siamese/../siamese-optmization/Siamese/my_index/qualitas_corpus_clean/Compiere_330_Source/release_330/base/src/org/compiere/process/RegisterSystem.java_doIt#22#118
/home/denis/programming/scripts-siamese/../siamese-optmization/Siamese/my_index/stackoverflow_filtered/3788516_0.java_method#1#12,/home/denis/programming/scripts-siamese/../siamese-optmization/Siamese/my_index/qualitas_corpus_clean/hibernate-release-4/hibernate-release-4.2.2.Final/project/documentation/src/main/docbook/devguide/en-US/extras/flush_and_clear_session.java_method#1#12
/home/denis/programming/scripts-siamese/../siamese-optmization/Siamese/my_index/stackoverflow_filtered/18970685_0.java_method#1#10,/home/denis/programming/scripts-siamese/../siamese-optmization/Siamese/my_index/qualitas_corpus_clean/lucene-4.3.0/lucene-4.3.0/core/src/java/org/apache/lucene/store/FSDirectory.java_open#35#44,/home/denis/programming/scripts-siamese/../siamese-optmization/Siamese/my_index/qualitas_corpus_clean/eclipse_SDK/eclipse_SDK-4.3/src/src/org/apache/lucene/store/FSDirectory.java_open#36#45
/home/denis/programming/scripts-siamese/../siamese-optmization/Siamese/my_index/stackoverflow_filtered/2398335_0.java_method#1#16,/home/denis/programming/scripts-siamese/../siamese-optmization/Siamese/my_index/qualitas_corpus_clean/hibernate-release-4/hibernate-release-4.2.2.Final/project/documentation/src/main/docbook/devguide/en-US/extras/using_scroll.java_method#1#16
/home/denis/programming/scripts-siamese/../siamese-optmization/Siamese/my_index/stackoverflow_filtered/14845581_1.java_method#1#11,/home/denis/programming/scripts-siamese/../siamese-optmization/Siamese/my_index/qualitas_corpus_clean/hadoop-1/hadoop-1.0.0/src/mapred/org/apache/hadoop/mapreduce/JobSubmissionFiles.java_getStagingDir#36#62
/home/denis/programming/scripts-siamese/../siamese-optmization/Siamese/my_index/stackoverflow_filtered/20458485_0.java_method#1#12,/home/denis/programming/scripts-siamese/../siamese-optmization/Siamese/my_index/qualitas_corpus_clean/hibernate-release-4/hibernate-release-4.2.2.Final/project/documentation/src/main/docbook/devguide/en-US/extras/flush_and_clear_session.java_method#1#12
/home/denis/programming/scripts-siamese/../siamese-optmization/Siamese/my_index/stackoverflow_filtered/11861598_0.java_method#1#19,/home/denis/programming/scripts-siamese/../siamese-optmization/Siamese/my_index/qualitas_corpus_clean/eclipse_SDK/eclipse_SDK-4.3/src/src/org/eclipse/jface/wizard/WizardDialog.java_createPreviousAndNextButtons#377#408
/home/denis/programming/scripts-siamese/../siamese-optmization/Siamese/my_index/stackoverflow_filtered/25505852_2.java_method#1#28,/home/denis/programming/scripts-siamese/../siamese-optmization/Siamese/my_index/qualitas_corpus_clean/Vuze_4812_source/org/gudy/azureus2/core3/util/BEncoder.java_intToBytes#477#507
/home/denis/programming/scripts-siamese/../siamese-optmization/Siamese/my_index/stackoverflow_filtered/12106623_0.java_method#1#16,/home/denis/programming/scripts-siamese/../siamese-optmization/Siamese/my_index/qualitas_corpus_clean/apache-log4j-1.2.16/apache-log4j-1.2.16/src/main/java/org/apache/log4j/WriterAppender.java_checkEntryConditions#45#61
/home/denis/programming/scripts-siamese/../siamese-optmization/Siamese/my_index/stackoverflow_filtered/15889119_0.java_method#1#17,/home/denis/programming/scripts-siamese/../siamese-optmization/Siamese/my_index/qualitas_corpus_clean/jgrapht-0/jgrapht-0.8.1/src/org/jgrapht/experimental/touchgraph/TouchgraphConverter.java_convertToTouchGraph#6#35
/home/denis/programming/scripts-siamese/../siamese-optmization/Siamese/my_index/stackoverflow_filtered/2870786_0.java_method#1#11,/home/denis/programming/scripts-siamese/../siamese-optmization/Siamese/my_index/qualitas_corpus_clean/apache-tomcat-7.0.2/apache-tomcat-7.0.2-src/java/org/apache/tomcat/util/http/fileupload/IOUtils.java_copyLarge#25#35,/home/denis/programming/scripts-siamese/../siamese-optmization/Siamese/my_index/qualitas_corpus_clean/struts2-2.2.1-all/struts-2.2.1/src/xwork-core/src/main/java/com/opensymphony/xwork2/util/classloader/JarResourceStore.java_copy#33#43
/home/denis/programming/scripts-siamese/../siamese-optmization/Siamese/my_index/stackoverflow_filtered/24901004_0.java_method#1#17,/home/denis/programming/scripts-siamese/../siamese-optmization/Siamese/my_index/qualitas_corpus_clean/Vuze_4812_source/org/gudy/azureus2/core3/util/ByteArrayHashMap.java_transfer#155#171
/home/denis/programming/scripts-siamese/../siamese-optmization/Siamese/my_index/stackoverflow_filtered/8713017_0.java_method#1#12,/home/denis/programming/scripts-siamese/../siamese-optmization/Siamese/my_index/qualitas_corpus_clean/hadoop-1/hadoop-1.0.0/src/core/org/apache/hadoop/io/file/tfile/SimpleBufferedOutputStream.java_write#25#37
/home/denis/programming/scripts-siamese/../siamese-optmization/Siamese/my_index/stackoverflow_filtered/24963319_3.java_method#1#17,/home/denis/programming/scripts-siamese/../siamese-optmization/Siamese/my_index/qualitas_corpus_clean/geotools-2/geotools-2.7-M3/modules/unsupported/swing/src/main/java/org/jdesktop/swingworker/SwingWorker.java_publish#63#79
/home/denis/programming/scripts-siamese/../siamese-optmization/Siamese/my_index/stackoverflow_filtered/11202699_0.java_method#1#12,/home/denis/programming/scripts-siamese/../siamese-optmization/Siamese/my_index/qualitas_corpus_clean/jstock-1.0.7c/jstock/src/org/yccheok/jstock/gui/Utils.java_deleteDir#588#599,/home/denis/programming/scripts-siamese/../siamese-optmization/Siamese/my_index/qualitas_corpus_clean/hsqldb-2/hsqldb-2.0.0/hsqldb/src/org/hsqldb/test/HsqldbTestCase.java_deleteDir#11#22,/home/denis/programming/scripts-siamese/../siamese-optmization/Siamese/my_index/qualitas_corpus_clean/heritrix-1/heritrix-1.14.4/src/java/org/archive/util/FileUtils.java_deleteDir#223#234,/home/denis/programming/scripts-siamese/../siamese-optmization/Siamese/my_index/qualitas_corpus_clean/db-derby-10/db-derby-10.6.1.0-src/java/testing/org/apache/derbyTesting/functionTests/tests/junitTests/compatibility/CompatibilityCombinations.java_deleteDir#813#824,/home/denis/programming/scripts-siamese/../siamese-optmization/Siamese/my_index/qualitas_corpus_clean/c-jdbc-2/c-jdbc-2.0.2-src/src/org/objectweb/cjdbc/common/util/FileManagement.java_deleteDir#4#15,/home/denis/programming/scripts-siamese/../siamese-optmization/Siamese/my_index/qualitas_corpus_clean/jstock-1.0.7c/jstock/src/org/yccheok/jstock/gui/Utils.java_deleteDir#501#515
/home/denis/programming/scripts-siamese/../siamese-optmization/Siamese/my_index/stackoverflow_filtered/554324_0.java_method#1#10,/home/denis/programming/scripts-siamese/../siamese-optmization/Siamese/my_index/qualitas_corpus_clean/apache-tomcat-7.0.2/apache-tomcat-7.0.2-src/java/org/apache/tomcat/util/http/fileupload/IOUtils.java_copyLarge#25#35
/home/denis/programming/scripts-siamese/../siamese-optmization/Siamese/my_index/stackoverflow_filtered/20470045_1.java_method#1#12,/home/denis/programming/scripts-siamese/../siamese-optmization/Siamese/my_index/qualitas_corpus_clean/hibernate-release-4/hibernate-release-4.2.2.Final/project/documentation/src/main/docbook/devguide/en-US/chapters/events/extras/AuditInterceptor.java_onFlushDirty#16#32,/home/denis/programming/scripts-siamese/../siamese-optmization/Siamese/my_index/qualitas_corpus_clean/hibernate-release-4/hibernate-release-4.2.2.Final/project/documentation/src/main/docbook/devguide/en-US/chapters/events/extras/AuditInterceptor.java_onSave#43#58
/home/denis/programming/scripts-siamese/../siamese-optmization/Siamese/my_index/stackoverflow_filtered/6534233_0.java_method#1#11,/home/denis/programming/scripts-siamese/../siamese-optmization/Siamese/my_index/qualitas_corpus_clean/apache-jmeter-2.9/apache-jmeter-2.9/src/core/org/apache/jmeter/util/XPathUtil.java_getValueForNode#144#154
/home/denis/programming/scripts-siamese/../siamese-optmization/Siamese/my_index/stackoverflow_filtered/3751463_0.java_method#1#18,/home/denis/programming/scripts-siamese/../siamese-optmization/Siamese/my_index/qualitas_corpus_clean/spring-framework-3.0.5/spring-framework-3.0.5.RELEASE/projects/org.springframework.context/src/main/java/org/springframework/scheduling/config/ScheduledTasksBeanDefinitionParser.java_doParse#22#67
/home/denis/programming/scripts-siamese/../siamese-optmization/Siamese/my_index/stackoverflow_filtered/12879764_0.java_method#1#41,/home/denis/programming/scripts-siamese/../siamese-optmization/Siamese/my_index/qualitas_corpus_clean/iReport-3/iReport-3.7.5-src/jasperreports-components/src/com/jaspersoft/ireport/components/spiderchart/SpiderChartIcon.java_getFasterScaledInstance#52#109,/home/denis/programming/scripts-siamese/../siamese-optmization/Siamese/my_index/qualitas_corpus_clean/iReport-3/iReport-3.7.5-src/ireport-designer/src/com/jaspersoft/ireport/designer/templates/TemplateRenderer.java_getFasterScaledInstance#124#177
/home/denis/programming/scripts-siamese/../siamese-optmization/Siamese/my_index/stackoverflow_filtered/11741948_0.java_method#1#12,/home/denis/programming/scripts-siamese/../siamese-optmization/Siamese/my_index/qualitas_corpus_clean/apache-log4j-1.2.16/apache-log4j-1.2.16/src/main/java/org/apache/log4j/lf5/util/StreamUtils.java_copy#12#23
/home/denis/programming/scripts-siamese/../siamese-optmization/Siamese/my_index/stackoverflow_filtered/23967852_0.java_method#1#20,/home/denis/programming/scripts-siamese/../siamese-optmization/Siamese/my_index/qualitas_corpus_clean/hibernate-release-4/hibernate-release-4.2.2.Final/project/hibernate-core/src/main/java/org/hibernate/dialect/pagination/SQLServer2005LimitHandler.java_getProcessedSql#42#62
/home/denis/programming/scripts-siamese/../siamese-optmization/Siamese/my_index/stackoverflow_filtered/10135259_0.java_method#1#22,/home/denis/programming/scripts-siamese/../siamese-optmization/Siamese/my_index/qualitas_corpus_clean/Compiere_330_Source/release_330/base/src/org/compiere/process/RegisterSystem.java_doIt#22#118
/home/denis/programming/scripts-siamese/../siamese-optmization/Siamese/my_index/stackoverflow_filtered/19340685_0.java_method#1#17,/home/denis/programming/scripts-siamese/../siamese-optmization/Siamese/my_index/qualitas_corpus_clean/hibernate-release-4/hibernate-release-4.2.2.Final/project/hibernate-core/src/main/java/org/hibernate/internal/util/collections/BoundedConcurrentHashMap.java_replace#652#673
/home/denis/programming/scripts-siamese/../siamese-optmization/Siamese/my_index/stackoverflow_filtered/2113093_0.java_method#1#11,/home/denis/programming/scripts-siamese/../siamese-optmization/Siamese/my_index/qualitas_corpus_clean/weka-3-7-9/main/java/weka/core/matrix/SingularValueDecomposition.java_getS#354#364,/home/denis/programming/scripts-siamese/../siamese-optmization/Siamese/my_index/qualitas_corpus_clean/weka-3-7-9/main/java/weka/core/matrix/EigenvalueDecomposition.java_getD#657#672
/home/denis/programming/scripts-siamese/../siamese-optmization/Siamese/my_index/stackoverflow_filtered/12377779_0.java_method#1#37,/home/denis/programming/scripts-siamese/../siamese-optmization/Siamese/my_index/qualitas_corpus_clean/netbeans-6.9.1-201007282301/kenai.ui/src/org/netbeans/modules/kenai/ui/treelist/TreeList.java_getToolTipText#124#159
/home/denis/programming/scripts-siamese/../siamese-optmization/Siamese/my_index/stackoverflow_filtered/10274267_0.java_method#1#12,/home/denis/programming/scripts-siamese/../siamese-optmization/Siamese/my_index/qualitas_corpus_clean/hibernate-release-4/hibernate-release-4.2.2.Final/project/documentation/src/main/docbook/devguide/en-US/extras/flush_and_clear_session.java_method#1#12
/home/denis/programming/scripts-siamese/../siamese-optmization/Siamese/my_index/stackoverflow_filtered/5660519_0.java_method#1#13,/home/denis/programming/scripts-siamese/../siamese-optmization/Siamese/my_index/qualitas_corpus_clean/spring-framework-3.0.5/spring-framework-3.0.5.RELEASE/projects/org.springframework.web.servlet/src/main/java/org/springframework/web/servlet/mvc/annotation/AnnotationMethodHandlerAdapter.java_getModelAndView#536#593,/home/denis/programming/scripts-siamese/../siamese-optmization/Siamese/my_index/qualitas_corpus_clean/spring-framework-3.0.5/spring-framework-3.0.5.RELEASE/projects/org.springframework.web.servlet/src/main/java/org/springframework/web/servlet/mvc/annotation/AnnotationMethodHandlerExceptionResolver.java_getModelAndView#223#254
/home/denis/programming/scripts-siamese/../siamese-optmization/Siamese/my_index/stackoverflow_filtered/18936791_0.java_method#1#12,/home/denis/programming/scripts-siamese/../siamese-optmization/Siamese/my_index/qualitas_corpus_clean/netbeans-6.9.1-201007282301/dlight.util/src/org/netbeans/modules/dlight/util/DLightExecutorService.java_newThread#74#85
/home/denis/programming/scripts-siamese/../siamese-optmization/Siamese/my_index/stackoverflow_filtered/20913543_1.java_method#1#15,/home/denis/programming/scripts-siamese/../siamese-optmization/Siamese/my_index/qualitas_corpus_clean/spring-framework-3.0.5/spring-framework-3.0.5.RELEASE/projects/org.springframework.beans/src/main/java/org/springframework/beans/factory/support/AutowireUtils.java_sortFactoryMethods#30#43
/home/denis/programming/scripts-siamese/../siamese-optmization/Siamese/my_index/stackoverflow_filtered/18137301_0.java_method#1#16,/home/denis/programming/scripts-siamese/../siamese-optmization/Siamese/my_index/qualitas_corpus_clean/antlr4-4.0/tool/test/org/antlr/v4/test/TestPerformance.java_syntaxError#558#570
/home/denis/programming/scripts-siamese/../siamese-optmization/Siamese/my_index/stackoverflow_filtered/249149_0.java_method#1#11,/home/denis/programming/scripts-siamese/../siamese-optmization/Siamese/my_index/qualitas_corpus_clean/spring-framework-3.0.5/spring-framework-3.0.5.RELEASE/projects/org.springframework.jdbc/src/main/java/org/springframework/jdbc/support/JdbcUtils.java_closeResultSet#44#54,/home/denis/programming/scripts-siamese/../siamese-optmization/Siamese/my_index/qualitas_corpus_clean/spring-framework-3.0.5/spring-framework-3.0.5.RELEASE/projects/org.springframework.jdbc/src/main/java/org/springframework/jdbc/support/JdbcUtils.java_closeConnection#22#32,/home/denis/programming/scripts-siamese/../siamese-optmization/Siamese/my_index/qualitas_corpus_clean/spring-framework-3.0.5/spring-framework-3.0.5.RELEASE/projects/org.springframework.transaction/src/main/java/org/springframework/jca/cci/core/CciTemplate.java_closeResultSet#193#203
/home/denis/programming/scripts-siamese/../siamese-optmization/Siamese/my_index/stackoverflow_filtered/5713930_0.java_method#1#16,/home/denis/programming/scripts-siamese/../siamese-optmization/Siamese/my_index/qualitas_corpus_clean/hibernate-release-4/hibernate-release-4.2.2.Final/project/documentation/src/main/docbook/devguide/en-US/extras/using_scroll.java_method#1#16
/home/denis/programming/scripts-siamese/../siamese-optmization/Siamese/my_index/stackoverflow_filtered/16207578_0.java_method#1#10,/home/denis/programming/scripts-siamese/../siamese-optmization/Siamese/my_index/qualitas_corpus_clean/eclipse_SDK/eclipse_SDK-4.3/src/src/javax/servlet/http/HttpServlet.java_doPut#61#70,/home/denis/programming/scripts-siamese/../siamese-optmization/Siamese/my_index/qualitas_corpus_clean/eclipse_SDK/eclipse_SDK-4.3/src/src/javax/servlet/http/HttpServlet.java_doPost#51#60,/home/denis/programming/scripts-siamese/../siamese-optmization/Siamese/my_index/qualitas_corpus_clean/eclipse_SDK/eclipse_SDK-4.3/src/src/javax/servlet/http/HttpServlet.java_doDelete#71#81,/home/denis/programming/scripts-siamese/../siamese-optmization/Siamese/my_index/qualitas_corpus_clean/apache-tomcat-7.0.2/apache-tomcat-7.0.2-src/java/javax/servlet/http/HttpServlet.java_doPut#61#70,/home/denis/programming/scripts-siamese/../siamese-optmization/Siamese/my_index/qualitas_corpus_clean/apache-tomcat-7.0.2/apache-tomcat-7.0.2-src/java/javax/servlet/http/HttpServlet.java_doPost#51#60,/home/denis/programming/scripts-siamese/../siamese-optmization/Siamese/my_index/qualitas_corpus_clean/apache-tomcat-7.0.2/apache-tomcat-7.0.2-src/java/javax/servlet/http/HttpServlet.java_doDelete#71#81,/home/denis/programming/scripts-siamese/../siamese-optmization/Siamese/my_index/qualitas_corpus_clean/eclipse_SDK/eclipse_SDK-4.3/src/src/javax/servlet/http/HttpServlet.java_doGet#32#41,/home/denis/programming/scripts-siamese/../siamese-optmization/Siamese/my_index/qualitas_corpus_clean/apache-tomcat-7.0.2/apache-tomcat-7.0.2-src/java/javax/servlet/http/HttpServlet.java_doGet#31#40
/home/denis/programming/scripts-siamese/../siamese-optmization/Siamese/my_index/stackoverflow_filtered/21777900_0.java_method#1#12,/home/denis/programming/scripts-siamese/../siamese-optmization/Siamese/my_index/qualitas_corpus_clean/hibernate-release-4/hibernate-release-4.2.2.Final/project/documentation/src/main/docbook/devguide/en-US/extras/flush_and_clear_session.java_method#1#12
/home/denis/programming/scripts-siamese/../siamese-optmization/Siamese/my_index/stackoverflow_filtered/21734562_0.java_method#1#70,/home/denis/programming/scripts-siamese/../siamese-optmization/Siamese/my_index/qualitas_corpus_clean/apache-tomcat-7.0.2/apache-tomcat-7.0.2-src/java/org/apache/catalina/authenticator/BasicAuthenticator.java_authenticate#22#87
/home/denis/programming/scripts-siamese/../siamese-optmization/Siamese/my_index/stackoverflow_filtered/598007_0.java_method#1#13,/home/denis/programming/scripts-siamese/../siamese-optmization/Siamese/my_index/qualitas_corpus_clean/eclipse_SDK/eclipse_SDK-4.3/src/src/org/eclipse/jface/dialogs/ProgressMonitorDialog.java_run#252#264
/home/denis/programming/scripts-siamese/../siamese-optmization/Siamese/my_index/stackoverflow_filtered/801987_0.java_method#1#18,/home/denis/programming/scripts-siamese/../siamese-optmization/Siamese/my_index/qualitas_corpus_clean/hadoop-1/hadoop-1.0.0/src/core/org/apache/hadoop/util/StringUtils.java_humanReadableInt#41#57
/home/denis/programming/scripts-siamese/../siamese-optmization/Siamese/my_index/stackoverflow_filtered/2752455_0.java_method#1#23,/home/denis/programming/scripts-siamese/../siamese-optmization/Siamese/my_index/qualitas_corpus_clean/Compiere_330_Source/release_330/base/src/org/compiere/process/RegisterSystem.java_doIt#22#118
/home/denis/programming/scripts-siamese/../siamese-optmization/Siamese/my_index/stackoverflow_filtered/968656_1.java_method#1#11,/home/denis/programming/scripts-siamese/../siamese-optmization/Siamese/my_index/qualitas_corpus_clean/eclipse_SDK/eclipse_SDK-4.3/src/src/org/eclipse/jdt/internal/ui/wizards/dialogfields/DialogField.java_postSetFocusOnDialogField#36#46,/home/denis/programming/scripts-siamese/../siamese-optmization/Siamese/my_index/qualitas_corpus_clean/eclipse_SDK/eclipse_SDK-4.3/src/src/org/eclipse/jdt/internal/junit/wizards/MethodStubsSelectionButtonGroup.java_postSetFocusOnDialogField#207#217
/home/denis/programming/scripts-siamese/../siamese-optmization/Siamese/my_index/stackoverflow_filtered/12835370_0.java_method#1#12,/home/denis/programming/scripts-siamese/../siamese-optmization/Siamese/my_index/qualitas_corpus_clean/jstock-1.0.7c/jstock/src/org/yccheok/jstock/gui/Utils.java_deleteDir#588#599,/home/denis/programming/scripts-siamese/../siamese-optmization/Siamese/my_index/qualitas_corpus_clean/hsqldb-2/hsqldb-2.0.0/hsqldb/src/org/hsqldb/test/HsqldbTestCase.java_deleteDir#11#22,/home/denis/programming/scripts-siamese/../siamese-optmization/Siamese/my_index/qualitas_corpus_clean/heritrix-1/heritrix-1.14.4/src/java/org/archive/util/FileUtils.java_deleteDir#223#234,/home/denis/programming/scripts-siamese/../siamese-optmization/Siamese/my_index/qualitas_corpus_clean/db-derby-10/db-derby-10.6.1.0-src/java/testing/org/apache/derbyTesting/functionTests/tests/junitTests/compatibility/CompatibilityCombinations.java_deleteDir#813#824,/home/denis/programming/scripts-siamese/../siamese-optmization/Siamese/my_index/qualitas_corpus_clean/c-jdbc-2/c-jdbc-2.0.2-src/src/org/objectweb/cjdbc/common/util/FileManagement.java_deleteDir#4#15,/home/denis/programming/scripts-siamese/../siamese-optmization/Siamese/my_index/qualitas_corpus_clean/jstock-1.0.7c/jstock/src/org/yccheok/jstock/gui/Utils.java_deleteDir#501#515
/home/denis/programming/scripts-siamese/../siamese-optmization/Siamese/my_index/stackoverflow_filtered/4453908_0.java_method#1#21,/home/denis/programming/scripts-siamese/../siamese-optmization/Siamese/my_index/qualitas_corpus_clean/Compiere_330_Source/release_330/base/src/org/compiere/process/RegisterSystem.java_doIt#22#118
/home/denis/programming/scripts-siamese/../siamese-optmization/Siamese/my_index/stackoverflow_filtered/6092014_0.java_method#1#10,/home/denis/programming/scripts-siamese/../siamese-optmization/Siamese/my_index/qualitas_corpus_clean/eclipse_SDK/eclipse_SDK-4.3/src/src/org/eclipse/ui/internal/registry/ViewParameterValues.java_getParameterValues#8#17
/home/denis/programming/scripts-siamese/../siamese-optmization/Siamese/my_index/stackoverflow_filtered/3275733_0.java_method#1#12,/home/denis/programming/scripts-siamese/../siamese-optmization/Siamese/my_index/qualitas_corpus_clean/hibernate-release-4/hibernate-release-4.2.2.Final/project/documentation/src/main/docbook/devguide/en-US/extras/flush_and_clear_session.java_method#1#12
/home/denis/programming/scripts-siamese/../siamese-optmization/Siamese/my_index/stackoverflow_filtered/20296220_0.java_method#1#10,/home/denis/programming/scripts-siamese/../siamese-optmization/Siamese/my_index/qualitas_corpus_clean/eclipse_SDK/eclipse_SDK-4.3/src/src/javax/servlet/http/HttpServlet.java_doPut#61#70,/home/denis/programming/scripts-siamese/../siamese-optmization/Siamese/my_index/qualitas_corpus_clean/eclipse_SDK/eclipse_SDK-4.3/src/src/javax/servlet/http/HttpServlet.java_doPost#51#60,/home/denis/programming/scripts-siamese/../siamese-optmization/Siamese/my_index/qualitas_corpus_clean/eclipse_SDK/eclipse_SDK-4.3/src/src/javax/servlet/http/HttpServlet.java_doDelete#71#81,/home/denis/programming/scripts-siamese/../siamese-optmization/Siamese/my_index/qualitas_corpus_clean/apache-tomcat-7.0.2/apache-tomcat-7.0.2-src/java/javax/servlet/http/HttpServlet.java_doPut#61#70,/home/denis/programming/scripts-siamese/../siamese-optmization/Siamese/my_index/qualitas_corpus_clean/apache-tomcat-7.0.2/apache-tomcat-7.0.2-src/java/javax/servlet/http/HttpServlet.java_doPost#51#60,/home/denis/programming/scripts-siamese/../siamese-optmization/Siamese/my_index/qualitas_corpus_clean/apache-tomcat-7.0.2/apache-tomcat-7.0.2-src/java/javax/servlet/http/HttpServlet.java_doDelete#71#81,/home/denis/programming/scripts-siamese/../siamese-optmization/Siamese/my_index/qualitas_corpus_clean/eclipse_SDK/eclipse_SDK-4.3/src/src/javax/servlet/http/HttpServlet.java_doGet#32#41,/home/denis/programming/scripts-siamese/../siamese-optmization/Siamese/my_index/qualitas_corpus_clean/apache-tomcat-7.0.2/apache-tomcat-7.0.2-src/java/javax/servlet/http/HttpServlet.java_doGet#31#40
/home/denis/programming/scripts-siamese/../siamese-optmization/Siamese/my_index/stackoverflow_filtered/18105169_0.java_method#1#14,/home/denis/programming/scripts-siamese/../siamese-optmization/Siamese/my_index/qualitas_corpus_clean/netbeans-6.9.1-201007282301/editor.settings/src/org/netbeans/api/editor/settings/MultiKeyBinding.java_indexOf#90#103,/home/denis/programming/scripts-siamese/../siamese-optmization/Siamese/my_index/qualitas_corpus_clean/eclipse_SDK/eclipse_SDK-4.3/src/src/org/eclipse/equinox/internal/p2/core/helpers/CollectionUtils.java_indexOf#18#32
/home/denis/programming/scripts-siamese/../siamese-optmization/Siamese/my_index/stackoverflow_filtered/15168494_0.java_method#1#30,/home/denis/programming/scripts-siamese/../siamese-optmization/Siamese/my_index/qualitas_corpus_clean/hibernate-release-4/hibernate-release-4.2.2.Final/project/hibernate-core/src/main/java/org/hibernate/service/jdbc/connections/internal/ConnectionProviderInitiator.java_initiateService#58#118
/home/denis/programming/scripts-siamese/../siamese-optmization/Siamese/my_index/stackoverflow_filtered/21787713_0.java_method#1#14,/home/denis/programming/scripts-siamese/../siamese-optmization/Siamese/my_index/qualitas_corpus_clean/spring-framework-3.0.5/spring-framework-3.0.5.RELEASE/projects/org.springframework.web.servlet/src/main/java/org/springframework/web/servlet/DispatcherServlet.java_initThemeResolver#133#147,/home/denis/programming/scripts-siamese/../siamese-optmization/Siamese/my_index/qualitas_corpus_clean/spring-framework-3.0.5/spring-framework-3.0.5.RELEASE/projects/org.springframework.web.servlet/src/main/java/org/springframework/web/servlet/DispatcherServlet.java_initRequestToViewNameTranslator#218#233,/home/denis/programming/scripts-siamese/../siamese-optmization/Siamese/my_index/qualitas_corpus_clean/spring-framework-3.0.5/spring-framework-3.0.5.RELEASE/projects/org.springframework.web.servlet/src/main/java/org/springframework/web/servlet/DispatcherServlet.java_initLocaleResolver#119#132
/home/denis/programming/scripts-siamese/../siamese-optmization/Siamese/my_index/stackoverflow_filtered/8580765_0.java_method#1#12,/home/denis/programming/scripts-siamese/../siamese-optmization/Siamese/my_index/qualitas_corpus_clean/Vuze_4812_source/org/gudy/azureus2/core3/util/ByteArrayHashMap.java_resize#142#154,/home/denis/programming/scripts-siamese/../siamese-optmization/Siamese/my_index/qualitas_corpus_clean/netbeans-6.9.1-201007282301/parsing.api/src/org/netbeans/modules/parsing/impl/indexing/LongHashMap.java_resize#156#168,/home/denis/programming/scripts-siamese/../siamese-optmization/Siamese/my_index/qualitas_corpus_clean/netbeans-6.9.1-201007282301/cnd.repository/src/org/netbeans/modules/cnd/repository/util/LongHashMap.java_resize#156#168
/home/denis/programming/scripts-siamese/../siamese-optmization/Siamese/my_index/stackoverflow_filtered/4083418_0.java_method#1#28,/home/denis/programming/scripts-siamese/../siamese-optmization/Siamese/my_index/qualitas_corpus_clean/apache-log4j-1.2.16/apache-log4j-1.2.16/src/main/java/org/apache/log4j/DailyRollingFileAppender.java_rollOver#105#132
/home/denis/programming/scripts-siamese/../siamese-optmization/Siamese/my_index/stackoverflow_filtered/9291241_1.java_method#1#12,/home/denis/programming/scripts-siamese/../siamese-optmization/Siamese/my_index/qualitas_corpus_clean/eclipse_SDK/eclipse_SDK-4.3/src/src/libsrc/org/apache/tools/ant/taskdefs/Mkdir.java_execute#9#36,/home/denis/programming/scripts-siamese/../siamese-optmization/Siamese/my_index/qualitas_corpus_clean/apache-ant-1.8.4/src/main/org/apache/tools/ant/taskdefs/Mkdir.java_execute#9#36
/home/denis/programming/scripts-siamese/../siamese-optmization/Siamese/my_index/stackoverflow_filtered/8802082_2.java_method#1#20,/home/denis/programming/scripts-siamese/../siamese-optmization/Siamese/my_index/qualitas_corpus_clean/junit-4/org/junit/internal/runners/statements/ExpectException.java_evaluate#11#31,/home/denis/programming/scripts-siamese/../siamese-optmization/Siamese/my_index/qualitas_corpus_clean/eclipse_SDK/eclipse_SDK-4.3/src/src/junitsrc/org/junit/internal/runners/statements/ExpectException.java_evaluate#11#31
/home/denis/programming/scripts-siamese/../siamese-optmization/Siamese/my_index/stackoverflow_filtered/18161554_0.java_method#1#16,/home/denis/programming/scripts-siamese/../siamese-optmization/Siamese/my_index/qualitas_corpus_clean/eclipse_SDK/eclipse_SDK-4.3/src/src/org/eclipse/help/internal/base/remote/HttpsUtility.java_getHttpsURL#81#100,/home/denis/programming/scripts-siamese/../siamese-optmization/Siamese/my_index/qualitas_corpus_clean/eclipse_SDK/eclipse_SDK-4.3/src/src/org/eclipse/help/internal/base/remote/HttpsUtility.java_getHttpsURL#61#80,/home/denis/programming/scripts-siamese/../siamese-optmization/Siamese/my_index/qualitas_corpus_clean/eclipse_SDK/eclipse_SDK-4.3/src/src/org/eclipse/help/internal/base/remote/HttpsUtility.java_getHttpsStream#17#37,/home/denis/programming/scripts-siamese/../siamese-optmization/Siamese/my_index/qualitas_corpus_clean/eclipse_SDK/eclipse_SDK-4.3/src/src/org/eclipse/help/internal/base/remote/HttpsUtility.java_getHttpsURL#101#120,/home/denis/programming/scripts-siamese/../siamese-optmization/Siamese/my_index/qualitas_corpus_clean/eclipse_SDK/eclipse_SDK-4.3/src/src/org/eclipse/help/internal/base/remote/HttpsUtility.java_getHttpsInputStream#38#60,/home/denis/programming/scripts-siamese/../siamese-optmization/Siamese/my_index/qualitas_corpus_clean/eclipse_SDK/eclipse_SDK-4.3/src/src/org/eclipse/help/internal/base/remote/HttpsUtility.java_canConnectToHttpsURL#121#149,/home/denis/programming/scripts-siamese/../siamese-optmization/Siamese/my_index/qualitas_corpus_clean/Compiere_330_Source/release_330/base/src/org/compiere/process/RegisterSystem.java_doIt#22#118
/home/denis/programming/scripts-siamese/../siamese-optmization/Siamese/my_index/stackoverflow_filtered/8584917_0.java_method#1#12,/home/denis/programming/scripts-siamese/../siamese-optmization/Siamese/my_index/qualitas_corpus_clean/poi-3.6-20091214/poi-3.6/src/ooxml/java/org/apache/poi/xssf/usermodel/XSSFCell.java_setCellStyle#229#240
/home/denis/programming/scripts-siamese/../siamese-optmization/Siamese/my_index/stackoverflow_filtered/292287_0.java_method#1#21,/home/denis/programming/scripts-siamese/../siamese-optmization/Siamese/my_index/qualitas_corpus_clean/netbeans-6.9.1-201007282301/java.source/test/unit/data/jdk/JTable.java_JTable#103#125
/home/denis/programming/scripts-siamese/../siamese-optmization/Siamese/my_index/stackoverflow_filtered/12593810_0.java_method#1#12,/home/denis/programming/scripts-siamese/../siamese-optmization/Siamese/my_index/qualitas_corpus_clean/poi-3.6-20091214/poi-3.6/src/ooxml/java/org/apache/poi/ss/usermodel/WorkbookFactory.java_create#18#29,/home/denis/programming/scripts-siamese/../siamese-optmization/Siamese/my_index/qualitas_corpus_clean/poi-3.6-20091214/poi-3.6/src/ooxml/java/org/apache/poi/extractor/ExtractorFactory.java_createExtractor#49#60
/home/denis/programming/scripts-siamese/../siamese-optmization/Siamese/my_index/stackoverflow_filtered/4065537_0.java_method#1#10,/home/denis/programming/scripts-siamese/../siamese-optmization/Siamese/my_index/qualitas_corpus_clean/apache-tomcat-7.0.2/apache-tomcat-7.0.2-src/java/org/apache/tomcat/util/http/fileupload/IOUtils.java_copyLarge#25#35,/home/denis/programming/scripts-siamese/../siamese-optmization/Siamese/my_index/qualitas_corpus_clean/struts2-2.2.1-all/struts-2.2.1/src/xwork-core/src/main/java/com/opensymphony/xwork2/util/classloader/JarResourceStore.java_copy#33#43
/home/denis/programming/scripts-siamese/../siamese-optmization/Siamese/my_index/stackoverflow_filtered/22230019_0.java_method#1#19,/home/denis/programming/scripts-siamese/../siamese-optmization/Siamese/my_index/qualitas_corpus_clean/eclipse_SDK/eclipse_SDK-4.3/src/src/org/eclipse/swt/widgets/Widget.java_sendEvent#424#442
/home/denis/programming/scripts-siamese/../siamese-optmization/Siamese/my_index/stackoverflow_filtered/14019840_0.java_method#1#18,/home/denis/programming/scripts-siamese/../siamese-optmization/Siamese/my_index/qualitas_corpus_clean/struts2-2.2.1-all/struts-2.2.1/src/core/src/main/java/org/apache/struts2/dispatcher/mapper/DefaultActionMapper.java_getMapping#128#145
/home/denis/programming/scripts-siamese/../siamese-optmization/Siamese/my_index/stackoverflow_filtered/24755224_0.java_method#1#11,/home/denis/programming/scripts-siamese/../siamese-optmization/Siamese/my_index/qualitas_corpus_clean/netbeans-6.9.1-201007282301/cnd.modelimpl/src/org/netbeans/modules/cnd/modelimpl/uid/LazyCsmCollection.java_retainAll#115#125
/home/denis/programming/scripts-siamese/../siamese-optmization/Siamese/my_index/stackoverflow_filtered/10315932_0.java_method#1#13,/home/denis/programming/scripts-siamese/../siamese-optmization/Siamese/my_index/qualitas_corpus_clean/netbeans-6.9.1-201007282301/openide.explorer/src/org/openide/explorer/view/OutlineView.java_getToolTipText#922#956,/home/denis/programming/scripts-siamese/../siamese-optmization/Siamese/my_index/qualitas_corpus_clean/netbeans-6.9.1-201007282301/java.source/test/unit/data/jdk/JTable.java_getToolTipText#940#962
/home/denis/programming/scripts-siamese/../siamese-optmization/Siamese/my_index/stackoverflow_filtered/6356081_0.java_method#1#10,/home/denis/programming/scripts-siamese/../siamese-optmization/Siamese/my_index/qualitas_corpus_clean/iText-src-5/src/core/com/itextpdf/text/pdf/RandomAccessFileOrArray.java_readUnsignedInt#373#382,/home/denis/programming/scripts-siamese/../siamese-optmization/Siamese/my_index/qualitas_corpus_clean/batik-src-1.7/batik-1.7/sources/org/apache/batik/ext/awt/image/codec/util/SeekableStream.java_readUnsignedInt#155#164,/home/denis/programming/scripts-siamese/../siamese-optmization/Siamese/my_index/qualitas_corpus_clean/batik-src-1.7/batik-1.7/sources/org/apache/batik/ext/awt/image/codec/util/SeekableStream.java_readInt#135#144,/home/denis/programming/scripts-siamese/../siamese-optmization/Siamese/my_index/qualitas_corpus_clean/netbeans-6.9.1-201007282301/classfile/src/org/netbeans/modules/classfile/ConstantPoolReader.java_readInt#72#82,/home/denis/programming/scripts-siamese/../siamese-optmization/Siamese/my_index/qualitas_corpus_clean/iText-src-5/src/core/com/itextpdf/text/pdf/RandomAccessFileOrArray.java_readInt#353#362
/home/denis/programming/scripts-siamese/../siamese-optmization/Siamese/my_index/stackoverflow_filtered/4565531_1.java_method#1#11,/home/denis/programming/scripts-siamese/../siamese-optmization/Siamese/my_index/qualitas_corpus_clean/struts2-2.2.1-all/struts-2.2.1/src/xwork-core/src/main/java/com/opensymphony/xwork2/util/classloader/JarResourceStore.java_copy#33#43,/home/denis/programming/scripts-siamese/../siamese-optmization/Siamese/my_index/qualitas_corpus_clean/apache-tomcat-7.0.2/apache-tomcat-7.0.2-src/java/org/apache/tomcat/util/http/fileupload/IOUtils.java_copyLarge#25#35
/home/denis/programming/scripts-siamese/../siamese-optmization/Siamese/my_index/stackoverflow_filtered/609430_0.java_method#1#17,/home/denis/programming/scripts-siamese/../siamese-optmization/Siamese/my_index/qualitas_corpus_clean/hibernate-release-4/hibernate-release-4.2.2.Final/project/hibernate-core/src/main/java/org/hibernate/event/internal/DefaultLoadEventListener.java_loadFromDatasource#277#293
/home/denis/programming/scripts-siamese/../siamese-optmization/Siamese/my_index/stackoverflow_filtered/19567163_0.java_method#1#10,/home/denis/programming/scripts-siamese/../siamese-optmization/Siamese/my_index/qualitas_corpus_clean/eclipse_SDK/eclipse_SDK-4.3/src/src/org/eclipse/ui/texteditor/AbstractDecoratedTextEditor.java_collectContextMenuPreferencePages#1351#1360
/home/denis/programming/scripts-siamese/../siamese-optmization/Siamese/my_index/stackoverflow_filtered/853062_0.java_method#1#10,/home/denis/programming/scripts-siamese/../siamese-optmization/Siamese/my_index/qualitas_corpus_clean/weka-3-7-9/main/java/weka/gui/JTableHelper.java_scrollToVisible#134#143,/home/denis/programming/scripts-siamese/../siamese-optmization/Siamese/my_index/qualitas_corpus_clean/jstock-1.0.7c/jstock/src/org/yccheok/jstock/gui/JTableUtilities.java_scrollToVisible#173#182,/home/denis/programming/scripts-siamese/../siamese-optmization/Siamese/my_index/qualitas_corpus_clean/cayenne-3/cayenne-3.0.1-src/framework/cayenne-modeler/src/main/java/org/apache/cayenne/modeler/util/UIUtil.java_scroll#11#32
/home/denis/programming/scripts-siamese/../siamese-optmization/Siamese/my_index/stackoverflow_filtered/18201985_0.java_method#1#26,/home/denis/programming/scripts-siamese/../siamese-optmization/Siamese/my_index/qualitas_corpus_clean/poi-3.6-20091214/poi-3.6/src/examples/src/org/apache/poi/ss/examples/CalendarDemo.java_main#20#98
/home/denis/programming/scripts-siamese/../siamese-optmization/Siamese/my_index/stackoverflow_filtered/6097643_0.java_method#1#20,/home/denis/programming/scripts-siamese/../siamese-optmization/Siamese/my_index/qualitas_corpus_clean/eclipse_SDK/eclipse_SDK-4.3/src/src/org/apache/http/impl/client/AbstractHttpClient.java_createHttpContext#110#128
/home/denis/programming/scripts-siamese/../siamese-optmization/Siamese/my_index/stackoverflow_filtered/10289462_0.java_method#1#49,/home/denis/programming/scripts-siamese/../siamese-optmization/Siamese/my_index/qualitas_corpus_clean/apache-tomcat-7.0.2/apache-tomcat-7.0.2-src/java/org/apache/jasper/runtime/JspRuntimeLibrary.java_internalIntrospecthelper#248#313,/home/denis/programming/scripts-siamese/../siamese-optmization/Siamese/my_index/qualitas_corpus_clean/struts2-2.2.1-all/struts-2.2.1/src/plugins/embeddedjsp/src/main/java/org/apache/struts2/jasper/runtime/JspRuntimeLibrary.java_internalIntrospecthelper#248#314,/home/denis/programming/scripts-siamese/../siamese-optmization/Siamese/my_index/qualitas_corpus_clean/eclipse_SDK/eclipse_SDK-4.3/src/src/org/apache/jasper/runtime/JspRuntimeLibrary.java_internalIntrospecthelper#253#319
/home/denis/programming/scripts-siamese/../siamese-optmization/Siamese/my_index/stackoverflow_filtered/2789247_0.java_method#1#11,/home/denis/programming/scripts-siamese/../siamese-optmization/Siamese/my_index/qualitas_corpus_clean/netbeans-6.9.1-201007282301/openide.nodes/src/org/openide/nodes/EntrySupport.java_resizeArray#1293#1302
/home/denis/programming/scripts-siamese/../siamese-optmization/Siamese/my_index/stackoverflow_filtered/14330686_0.java_method#1#12,/home/denis/programming/scripts-siamese/../siamese-optmization/Siamese/my_index/qualitas_corpus_clean/hibernate-release-4/hibernate-release-4.2.2.Final/project/documentation/src/main/docbook/devguide/en-US/extras/flush_and_clear_session.java_method#1#12
/home/denis/programming/scripts-siamese/../siamese-optmization/Siamese/my_index/stackoverflow_filtered/5817648_0.java_method#1#19,/home/denis/programming/scripts-siamese/../siamese-optmization/Siamese/my_index/qualitas_corpus_clean/eclipse_SDK/eclipse_SDK-4.3/src/src/org/eclipse/help/internal/webapp/utils/Utils.java_convertStreamToString#21#40
/home/denis/programming/scripts-siamese/../siamese-optmization/Siamese/my_index/stackoverflow_filtered/8758512_0.java_method#1#12,/home/denis/programming/scripts-siamese/../siamese-optmization/Siamese/my_index/qualitas_corpus_clean/jfreechart-1/jfreechart-1.0.13/source/org/jfree/data/time/RegularTimePeriod.java_createInstance#9#20
/home/denis/programming/scripts-siamese/../siamese-optmization/Siamese/my_index/stackoverflow_filtered/8753200_0.java_method#1#14,/home/denis/programming/scripts-siamese/../siamese-optmization/Siamese/my_index/qualitas_corpus_clean/mvnforum-1.2.2-mvnad-1.0.1/mvnforum-1.2.2-mvnad-1.0.1-src-20100817/myvietnam/src/net/myvietnam/mvncore/web/fileupload/FileUploadBase.java_isMultipartContent#23#35,/home/denis/programming/scripts-siamese/../siamese-optmization/Siamese/my_index/qualitas_corpus_clean/apache-tomcat-7.0.2/apache-tomcat-7.0.2-src/java/org/apache/tomcat/util/http/fileupload/servlet/ServletFileUpload.java_isMultipartContent#12#25
/home/denis/programming/scripts-siamese/../siamese-optmization/Siamese/my_index/stackoverflow_filtered/9683760_0.java_method#1#11,/home/denis/programming/scripts-siamese/../siamese-optmization/Siamese/my_index/qualitas_corpus_clean/mvnforum-1.2.2-mvnad-1.0.1/mvnforum-1.2.2-mvnad-1.0.1-src-20100817/mvnforum/contrib/phpbb2mvnforum/src/org/mvnforum/util/DBUtils.java_writeXmlFile#77#89,/home/denis/programming/scripts-siamese/../siamese-optmization/Siamese/my_index/qualitas_corpus_clean/hadoop-1/hadoop-1.0.0/src/contrib/vaidya/src/java/org/apache/hadoop/vaidya/util/XMLUtils.java_writeXmlToFile#130#142
/home/denis/programming/scripts-siamese/../siamese-optmization/Siamese/my_index/stackoverflow_filtered/20957626_0.java_method#1#15,/home/denis/programming/scripts-siamese/../siamese-optmization/Siamese/my_index/qualitas_corpus_clean/lucene-4.3.0/lucene-4.3.0/core/src/java/org/apache/lucene/search/FieldValueHitQueue.java_lessThan#48#60,/home/denis/programming/scripts-siamese/../siamese-optmization/Siamese/my_index/qualitas_corpus_clean/eclipse_SDK/eclipse_SDK-4.3/src/src/org/apache/lucene/search/FieldValueHitQueue.java_lessThan#52#64
/home/denis/programming/scripts-siamese/../siamese-optmization/Siamese/my_index/stackoverflow_filtered/3029083_0.java_method#1#19,/home/denis/programming/scripts-siamese/../siamese-optmization/Siamese/my_index/qualitas_corpus_clean/netbeans-6.9.1-201007282301/mobility.midpexamples/SunSamples-Demos/src/example/http/HttpExample.java_getViaStreamConnection#51#70
/home/denis/programming/scripts-siamese/../siamese-optmization/Siamese/my_index/stackoverflow_filtered/25056629_1.java_method#1#14,/home/denis/programming/scripts-siamese/../siamese-optmization/Siamese/my_index/qualitas_corpus_clean/iText-src-5/src/core/com/itextpdf/text/pdf/PdfWriter.java_setPageEvent#538#551
/home/denis/programming/scripts-siamese/../siamese-optmization/Siamese/my_index/stackoverflow_filtered/24924255_0.java_method#1#32,/home/denis/programming/scripts-siamese/../siamese-optmization/Siamese/my_index/qualitas_corpus_clean/hibernate-release-4/hibernate-release-4.2.2.Final/project/hibernate-core/src/main/java/org/hibernate/criterion/Example.java_appendPropertyCondition#218#247
/home/denis/programming/scripts-siamese/../siamese-optmization/Siamese/my_index/stackoverflow_filtered/12428601_0.java_method#1#12,/home/denis/programming/scripts-siamese/../siamese-optmization/Siamese/my_index/qualitas_corpus_clean/jstock-1.0.7c/jstock/src/org/yccheok/jstock/gui/Utils.java_deleteDir#588#599,/home/denis/programming/scripts-siamese/../siamese-optmization/Siamese/my_index/qualitas_corpus_clean/hsqldb-2/hsqldb-2.0.0/hsqldb/src/org/hsqldb/test/HsqldbTestCase.java_deleteDir#11#22,/home/denis/programming/scripts-siamese/../siamese-optmization/Siamese/my_index/qualitas_corpus_clean/heritrix-1/heritrix-1.14.4/src/java/org/archive/util/FileUtils.java_deleteDir#223#234,/home/denis/programming/scripts-siamese/../siamese-optmization/Siamese/my_index/qualitas_corpus_clean/db-derby-10/db-derby-10.6.1.0-src/java/testing/org/apache/derbyTesting/functionTests/tests/junitTests/compatibility/CompatibilityCombinations.java_deleteDir#813#824,/home/denis/programming/scripts-siamese/../siamese-optmization/Siamese/my_index/qualitas_corpus_clean/c-jdbc-2/c-jdbc-2.0.2-src/src/org/objectweb/cjdbc/common/util/FileManagement.java_deleteDir#4#15,/home/denis/programming/scripts-siamese/../siamese-optmization/Siamese/my_index/qualitas_corpus_clean/jstock-1.0.7c/jstock/src/org/yccheok/jstock/gui/Utils.java_deleteDir#501#515
/home/denis/programming/scripts-siamese/../siamese-optmization/Siamese/my_index/stackoverflow_filtered/6535337_0.java_method#1#40,/home/denis/programming/scripts-siamese/../siamese-optmization/Siamese/my_index/qualitas_corpus_clean/jhotdraw-7.5.1/jhotdraw_7.5.1/Source/jhotdraw7/src/main/java/org/jhotdraw/gui/VerticalGridLayout.java_layoutContainer#129#178
/home/denis/programming/scripts-siamese/../siamese-optmization/Siamese/my_index/stackoverflow_filtered/8065120_1.java_method#1#11,/home/denis/programming/scripts-siamese/../siamese-optmization/Siamese/my_index/qualitas_corpus_clean/eclipse_SDK/eclipse_SDK-4.3/src/src/org/eclipse/ui/forms/widgets/FormToolkit.java_adapt#287#297
/home/denis/programming/scripts-siamese/../siamese-optmization/Siamese/my_index/stackoverflow_filtered/25719073_2.java_method#1#10,/home/denis/programming/scripts-siamese/../siamese-optmization/Siamese/my_index/qualitas_corpus_clean/eclipse_SDK/eclipse_SDK-4.3/src/src/org/eclipse/swt/widgets/Composite.java_releaseChildren#481#490
/home/denis/programming/scripts-siamese/../siamese-optmization/Siamese/my_index/stackoverflow_filtered/10203745_1.java_method#1#11,/home/denis/programming/scripts-siamese/../siamese-optmization/Siamese/my_index/qualitas_corpus_clean/netbeans-6.9.1-201007282301/php.project/src/org/netbeans/modules/php/project/ui/LocalServer.java_removeElementAt#290#301,/home/denis/programming/scripts-siamese/../siamese-optmization/Siamese/my_index/qualitas_corpus_clean/Compiere_330_Source/release_330/ad/src/org/compiere/framework/Lookup.java_removeElementAt#82#92,/home/denis/programming/scripts-siamese/../siamese-optmization/Siamese/my_index/qualitas_corpus_clean/ArgoUML-0.34-src/argouml/src/argouml-core-umlpropertypanels/src/org/argouml/core/propertypanels/ui/UMLComboBoxModel.java_removeElement#281#298,/home/denis/programming/scripts-siamese/../siamese-optmization/Siamese/my_index/qualitas_corpus_clean/ArgoUML-0.34-src/argouml/src/argouml-app/src/org/argouml/uml/ui/UMLComboBoxModel2.java_removeElement#301#318
/home/denis/programming/scripts-siamese/../siamese-optmization/Siamese/my_index/stackoverflow_filtered/6149818_0.java_method#1#20,/home/denis/programming/scripts-siamese/../siamese-optmization/Siamese/my_index/qualitas_corpus_clean/spring-framework-3.0.5/spring-framework-3.0.5.RELEASE/projects/org.springframework.core/src/main/java/org/springframework/util/DefaultPropertiesPersister.java_unescape#67#86
/home/denis/programming/scripts-siamese/../siamese-optmization/Siamese/my_index/stackoverflow_filtered/11368428_1.java_method#1#27,/home/denis/programming/scripts-siamese/../siamese-optmization/Siamese/my_index/qualitas_corpus_clean/jfreechart-1/jfreechart-1.0.13/swt/org/jfree/experimental/chart/swt/demo/SWTBarChartDemo1.java_createDataset#19#45,/home/denis/programming/scripts-siamese/../siamese-optmization/Siamese/my_index/qualitas_corpus_clean/jfreechart-1/jfreechart-1.0.13/source/org/jfree/chart/demo/BarChartDemo1.java_createDataset#29#55
/home/denis/programming/scripts-siamese/../siamese-optmization/Siamese/my_index/stackoverflow_filtered/22585813_0.java_method#1#16,/home/denis/programming/scripts-siamese/../siamese-optmization/Siamese/my_index/qualitas_corpus_clean/netbeans-6.9.1-201007282301/o.mozilla.rhino.patched/patched_files/org/mozilla/nb/javascript/ScriptRuntime.java_toInt32#774#789
/home/denis/programming/scripts-siamese/../siamese-optmization/Siamese/my_index/stackoverflow_filtered/16556460_0.java_method#1#14,/home/denis/programming/scripts-siamese/../siamese-optmization/Siamese/my_index/qualitas_corpus_clean/netbeans-6.9.1-201007282301/editor.settings/src/org/netbeans/api/editor/settings/MultiKeyBinding.java_indexOf#90#103,/home/denis/programming/scripts-siamese/../siamese-optmization/Siamese/my_index/qualitas_corpus_clean/eclipse_SDK/eclipse_SDK-4.3/src/src/org/eclipse/equinox/internal/p2/core/helpers/CollectionUtils.java_indexOf#18#32
/home/denis/programming/scripts-siamese/../siamese-optmization/Siamese/my_index/stackoverflow_filtered/20470045_0.java_method#1#12,/home/denis/programming/scripts-siamese/../siamese-optmization/Siamese/my_index/qualitas_corpus_clean/hibernate-release-4/hibernate-release-4.2.2.Final/project/documentation/src/main/docbook/devguide/en-US/chapters/events/extras/AuditInterceptor.java_onSave#43#58,/home/denis/programming/scripts-siamese/../siamese-optmization/Siamese/my_index/qualitas_corpus_clean/hibernate-release-4/hibernate-release-4.2.2.Final/project/documentation/src/main/docbook/devguide/en-US/chapters/events/extras/AuditInterceptor.java_onFlushDirty#16#32
/home/denis/programming/scripts-siamese/../siamese-optmization/Siamese/my_index/stackoverflow_filtered/10924700_0.java_method#1#18,/home/denis/programming/scripts-siamese/../siamese-optmization/Siamese/my_index/qualitas_corpus_clean/spring-framework-3.0.5/spring-framework-3.0.5.RELEASE/projects/org.springframework.oxm/src/main/java/org/springframework/oxm/jaxb/Jaxb2Marshaller.java_supportsInternal#253#270
/home/denis/programming/scripts-siamese/../siamese-optmization/Siamese/my_index/stackoverflow_filtered/25719073_1.java_method#1#20,/home/denis/programming/scripts-siamese/../siamese-optmization/Siamese/my_index/qualitas_corpus_clean/eclipse_SDK/eclipse_SDK-4.3/src/src/org/eclipse/swt/widgets/Widget.java_release#309#328
/home/denis/programming/scripts-siamese/../siamese-optmization/Siamese/my_index/stackoverflow_filtered/10930216_1.java_method#1#17,/home/denis/programming/scripts-siamese/../siamese-optmization/Siamese/my_index/qualitas_corpus_clean/weka-3-7-9/main/java/weka/core/Instances.java_main#1062#1132
/home/denis/programming/scripts-siamese/../siamese-optmization/Siamese/my_index/stackoverflow_filtered/102737_0.java_method#1#12,/home/denis/programming/scripts-siamese/../siamese-optmization/Siamese/my_index/qualitas_corpus_clean/cayenne-3/cayenne-3.0.1-src/framework/cayenne-modeler/src/main/java/org/apache/cayenne/swing/components/textpane/JCayenneTextPane.java_getLineNumber#66#78
/home/denis/programming/scripts-siamese/../siamese-optmization/Siamese/my_index/stackoverflow_filtered/18687201_0.java_method#1#10,/home/denis/programming/scripts-siamese/../siamese-optmization/Siamese/my_index/qualitas_corpus_clean/eclipse_SDK/eclipse_SDK-4.3/src/src/javax/servlet/http/HttpServlet.java_doPut#61#70,/home/denis/programming/scripts-siamese/../siamese-optmization/Siamese/my_index/qualitas_corpus_clean/eclipse_SDK/eclipse_SDK-4.3/src/src/javax/servlet/http/HttpServlet.java_doGet#32#41,/home/denis/programming/scripts-siamese/../siamese-optmization/Siamese/my_index/qualitas_corpus_clean/eclipse_SDK/eclipse_SDK-4.3/src/src/javax/servlet/http/HttpServlet.java_doDelete#71#81,/home/denis/programming/scripts-siamese/../siamese-optmization/Siamese/my_index/qualitas_corpus_clean/apache-tomcat-7.0.2/apache-tomcat-7.0.2-src/java/javax/servlet/http/HttpServlet.java_doPut#61#70,/home/denis/programming/scripts-siamese/../siamese-optmization/Siamese/my_index/qualitas_corpus_clean/apache-tomcat-7.0.2/apache-tomcat-7.0.2-src/java/javax/servlet/http/HttpServlet.java_doGet#31#40,/home/denis/programming/scripts-siamese/../siamese-optmization/Siamese/my_index/qualitas_corpus_clean/apache-tomcat-7.0.2/apache-tomcat-7.0.2-src/java/javax/servlet/http/HttpServlet.java_doDelete#71#81,/home/denis/programming/scripts-siamese/../siamese-optmization/Siamese/my_index/qualitas_corpus_clean/eclipse_SDK/eclipse_SDK-4.3/src/src/javax/servlet/http/HttpServlet.java_doPost#51#60,/home/denis/programming/scripts-siamese/../siamese-optmization/Siamese/my_index/qualitas_corpus_clean/apache-tomcat-7.0.2/apache-tomcat-7.0.2-src/java/javax/servlet/http/HttpServlet.java_doPost#51#60
/home/denis/programming/scripts-siamese/../siamese-optmization/Siamese/my_index/stackoverflow_filtered/2893932_0.java_method#1#23,/home/denis/programming/scripts-siamese/../siamese-optmization/Siamese/my_index/qualitas_corpus_clean/Compiere_330_Source/release_330/base/src/org/compiere/process/RegisterSystem.java_doIt#22#118
/home/denis/programming/scripts-siamese/../siamese-optmization/Siamese/my_index/stackoverflow_filtered/2761630_0.java_method#1#11,/home/denis/programming/scripts-siamese/../siamese-optmization/Siamese/my_index/qualitas_corpus_clean/hibernate-release-4/hibernate-release-4.2.2.Final/project/documentation/src/main/docbook/devguide/en-US/extras/using_a_StatelessSession.java_method#1#11,/home/denis/programming/scripts-siamese/../siamese-optmization/Siamese/my_index/qualitas_corpus_clean/hibernate-release-4/hibernate-release-4.2.2.Final/project/documentation/src/main/docbook/devguide/en-US/extras/using_scroll.java_method#1#16
/home/denis/programming/scripts-siamese/../siamese-optmization/Siamese/my_index/stackoverflow_filtered/6691268_0.java_method#1#21,/home/denis/programming/scripts-siamese/../siamese-optmization/Siamese/my_index/qualitas_corpus_clean/netbeans-6.9.1-201007282301/debugger.jpda/src/org/netbeans/modules/debugger/jpda/expr/InvocationExceptionTranslated.java_printStackTraceAsCause#172#192,/home/denis/programming/scripts-siamese/../siamese-optmization/Siamese/my_index/qualitas_corpus_clean/netbeans-6.9.1-201007282301/debugger.jpda/src/org/netbeans/modules/debugger/jpda/expr/InvocationExceptionTranslated.java_printStackTraceAsCause#207#227
/home/denis/programming/scripts-siamese/../siamese-optmization/Siamese/my_index/stackoverflow_filtered/13460384_0.java_method#1#12,/home/denis/programming/scripts-siamese/../siamese-optmization/Siamese/my_index/qualitas_corpus_clean/spring-framework-3.0.5/spring-framework-3.0.5.RELEASE/projects/org.springframework.web.servlet/src/main/java/org/springframework/web/servlet/support/WebContentGenerator.java_preventCaching#99#110
/home/denis/programming/scripts-siamese/../siamese-optmization/Siamese/my_index/stackoverflow_filtered/1201102_0.java_method#1#23,/home/denis/programming/scripts-siamese/../siamese-optmization/Siamese/my_index/qualitas_corpus_clean/Compiere_330_Source/release_330/base/src/org/compiere/process/RegisterSystem.java_doIt#22#118
/home/denis/programming/scripts-siamese/../siamese-optmization/Siamese/my_index/stackoverflow_filtered/3758110_0.java_method#1#19,/home/denis/programming/scripts-siamese/../siamese-optmization/Siamese/my_index/qualitas_corpus_clean/spring-framework-3.0.5/spring-framework-3.0.5.RELEASE/projects/org.springframework.web.servlet/src/main/java/org/springframework/web/servlet/mvc/annotation/DefaultAnnotationHandlerMapping.java_determineUrlsForHandlerMethods#65#95
/home/denis/programming/scripts-siamese/../siamese-optmization/Siamese/my_index/stackoverflow_filtered/7032144_1.java_method#1#11,/home/denis/programming/scripts-siamese/../siamese-optmization/Siamese/my_index/qualitas_corpus_clean/netbeans-6.9.1-201007282301/cnd.modelimpl/src/org/netbeans/modules/cnd/modelimpl/uid/LazyCsmCollection.java_removeAll#104#114,/home/denis/programming/scripts-siamese/../siamese-optmization/Siamese/my_index/qualitas_corpus_clean/geotools-2/geotools-2.7-M3/modules/library/main/src/main/java/org/geotools/feature/collection/AbstractFeatureCollection.java_removeAll#189#207
/home/denis/programming/scripts-siamese/../siamese-optmization/Siamese/my_index/stackoverflow_filtered/14940863_0.java_method#1#26,/home/denis/programming/scripts-siamese/../siamese-optmization/Siamese/my_index/qualitas_corpus_clean/jstock-1.0.7c/jstock/src/org/yccheok/jstock/alert/GoogleMail.java_Send#18#43
/home/denis/programming/scripts-siamese/../siamese-optmization/Siamese/my_index/stackoverflow_filtered/14582029_0.java_method#1#12,/home/denis/programming/scripts-siamese/../siamese-optmization/Siamese/my_index/qualitas_corpus_clean/hibernate-release-4/hibernate-release-4.2.2.Final/project/documentation/src/main/docbook/devguide/en-US/extras/flush_and_clear_session.java_method#1#12
/home/denis/programming/scripts-siamese/../siamese-optmization/Siamese/my_index/stackoverflow_filtered/24404964_0.java_method#1#36,/home/denis/programming/scripts-siamese/../siamese-optmization/Siamese/my_index/qualitas_corpus_clean/apache-tomcat-7.0.2/apache-tomcat-7.0.2-src/java/org/apache/catalina/connector/CoyoteAdapter.java_parseSessionCookiesId#543#578
/home/denis/programming/scripts-siamese/../siamese-optmization/Siamese/my_index/stackoverflow_filtered/24796308_0.java_method#1#14,/home/denis/programming/scripts-siamese/../siamese-optmization/Siamese/my_index/qualitas_corpus_clean/netbeans-6.9.1-201007282301/editor.settings/src/org/netbeans/api/editor/settings/MultiKeyBinding.java_indexOf#90#103,/home/denis/programming/scripts-siamese/../siamese-optmization/Siamese/my_index/qualitas_corpus_clean/eclipse_SDK/eclipse_SDK-4.3/src/src/org/eclipse/equinox/internal/p2/core/helpers/CollectionUtils.java_indexOf#18#32
/home/denis/programming/scripts-siamese/../siamese-optmization/Siamese/my_index/stackoverflow_filtered/4770586_0.java_method#1#14,/home/denis/programming/scripts-siamese/../siamese-optmization/Siamese/my_index/qualitas_corpus_clean/wct-package-v1.5.2/WCTSubmitToRosetta/src/main/java/nz/govt/natlib/ndha/common/FileUtils.java_copyFile#23#38,/home/denis/programming/scripts-siamese/../siamese-optmization/Siamese/my_index/qualitas_corpus_clean/findbugs-1/findbugs-1.3.9/src/antTask/edu/umd/cs/findbugs/anttask/UnionBugs.java_copyFile#65#81
/home/denis/programming/scripts-siamese/../siamese-optmization/Siamese/my_index/stackoverflow_filtered/13524878_0.java_method#1#16,/home/denis/programming/scripts-siamese/../siamese-optmization/Siamese/my_index/qualitas_corpus_clean/netbeans-6.9.1-201007282301/java.source/test/unit/data/jdk/JTable.java_stopCellEditing#1469#1484,/home/denis/programming/scripts-siamese/../siamese-optmization/Siamese/my_index/qualitas_corpus_clean/jstock-1.0.7c/jstock/src/org/yccheok/jstock/gui/table/GenericEditor.java_stopCellEditing#19#44
/home/denis/programming/scripts-siamese/../siamese-optmization/Siamese/my_index/stackoverflow_filtered/16180910_0.java_method#1#15,/home/denis/programming/scripts-siamese/../siamese-optmization/Siamese/my_index/qualitas_corpus_clean/hadoop-1/hadoop-1.0.0/src/mapred/org/apache/hadoop/mapreduce/lib/input/LineRecordReader.java_initialize#27#57,/home/denis/programming/scripts-siamese/../siamese-optmization/Siamese/my_index/qualitas_corpus_clean/hadoop-1/hadoop-1.0.0/src/mapred/org/apache/hadoop/mapred/LineRecordReader.java_LineRecordReader#35#63
/home/denis/programming/scripts-siamese/../siamese-optmization/Siamese/my_index/stackoverflow_filtered/24963319_0.java_method#1#20,/home/denis/programming/scripts-siamese/../siamese-optmization/Siamese/my_index/qualitas_corpus_clean/geotools-2/geotools-2.7-M3/modules/unsupported/process/src/main/java/org/geotools/process/ProgressTask.java_innerCancel#136#155
/home/denis/programming/scripts-siamese/../siamese-optmization/Siamese/my_index/stackoverflow_filtered/6951800_0.java_method#1#16,/home/denis/programming/scripts-siamese/../siamese-optmization/Siamese/my_index/qualitas_corpus_clean/netbeans-6.9.1-201007282301/javahelp/src/org/netbeans/modules/javahelp/BrowserDisplayer.java_getAttributeSetFont#248#263
/home/denis/programming/scripts-siamese/../siamese-optmization/Siamese/my_index/stackoverflow_filtered/24963319_2.java_method#1#13,/home/denis/programming/scripts-siamese/../siamese-optmization/Siamese/my_index/qualitas_corpus_clean/geotools-2/geotools-2.7-M3/modules/unsupported/swing/src/main/java/org/jdesktop/swingworker/SwingWorker.java_doneEDT#163#175
/home/denis/programming/scripts-siamese/../siamese-optmization/Siamese/my_index/stackoverflow_filtered/11825416_0.java_method#1#13,/home/denis/programming/scripts-siamese/../siamese-optmization/Siamese/my_index/qualitas_corpus_clean/geotools-2/geotools-2.7-M3/modules/unsupported/swing/src/main/java/org/jdesktop/swingworker/SwingWorker.java_doneEDT#163#175
/home/denis/programming/scripts-siamese/../siamese-optmization/Siamese/my_index/stackoverflow_filtered/18153986_0.java_method#1#14,/home/denis/programming/scripts-siamese/../siamese-optmization/Siamese/my_index/qualitas_corpus_clean/netbeans-6.9.1-201007282301/editor.settings/src/org/netbeans/api/editor/settings/MultiKeyBinding.java_indexOf#90#103,/home/denis/programming/scripts-siamese/../siamese-optmization/Siamese/my_index/qualitas_corpus_clean/eclipse_SDK/eclipse_SDK-4.3/src/src/org/eclipse/equinox/internal/p2/core/helpers/CollectionUtils.java_indexOf#18#32
/home/denis/programming/scripts-siamese/../siamese-optmization/Siamese/my_index/stackoverflow_filtered/23520731_0.java_method#1#75,/home/denis/programming/scripts-siamese/../siamese-optmization/Siamese/my_index/qualitas_corpus_clean/hibernate-release-4/hibernate-release-4.2.2.Final/project/hibernate-core/src/main/java/org/hibernate/tool/hbm2ddl/SchemaUpdate.java_execute#115#190
